0,0.623939,0.24166,0.321451,0.054544,0.0541915,0.110932,0.0259859,0.014836,0.0308653
0,0.721476,0.156514,0.286498,0.123628,0.0930239,0.087749,0.0346833,0.0366003,0.0258558
0,0.232403,0.0584922,0.116035,0.0279425,0.0535186,0.0486344,0.0109122,0.0283506,0.021414
0,0.328973,0.182329,0.129108,0.0901384,0.0298227,0.0694319,0.0235619,0.0469669,0.036999
0,0.489466,0.273777,0.201051,0.066582,0.169128,0.0591784,0.0663458,0.0389218,0.0573426
0,0.665326,0.264143,0.337935,0.225794,0.129331,0.100856,0.0323751,0.040833,0.0555435
0,0.270129,0.17593,0.0937285,0.0763012,0.0646874,0.0222697,0.0234759,0.0241889,0.0217767
0,0.27065,0.304033,0.121653,0.108861,0.0748126,0.0725601,0.0649731,0.051144,0.0459316
0,0.426871,0.361041,0.16985,0.268206,0.0762869,0.0882058,0.0589957,0.0422622,0.0334758
0,0.750173,0.217837,0.308439,0.279407,0.174642,0.110107,0.0591151,0.0452568,0.0582143
0,0.291461,0.20084,0.0847705,0.0420867,0.0477826,0.0122092,0.0346469,0.028528,0.028735
0,0.493733,0.340051,0.185485,0.160606,0.17997,0.0605529,0.0871008,0.0639994,0.0106468
0,0.584556,0.226181,0.2669,0.141324,0.123078,0.114116,0.0542568,0.0525353,0.0521084
0,0.356503,0.306421,0.114987,0.031044,0.0586811,0.023966,0.0337224,0.027338,0.0447166
0,0.677024,0.332861,0.205128,0.120769,0.0842816,0.0277226,0.0362274,0.0253987,0.0608304
0,0.449129,0.466524,0.287194,0.245641,0.0546909,0.125751,0.0901603,0.060399,0.0329196
0,0.383918,0.0457298,0.0992286,0.11661,0.0659075,0.042308,0.0766961,0.0613968,0.0198425
0,0.360416,0.433453,0.279618,0.167396,0.114488,0.0966805,0.06196,0.100374,0.0464191
0,0.503388,0.212215,0.253294,0.123817,0.0885767,0.0834089,0.0233064,0.0318788,0.0384099
0,0.522416,0.202058,0.227201,0.0792127,0.0745744,0.0447125,0.0852449,0.0448259,0.0281901
0,0.285806,0.455174,0.197112,0.137994,0.106873,0.0696231,0.0369071,0.0451419,0.0495055
0,0.500412,0.284389,0.174559,0.166187,0.139343,0.0613248,0.131674,0.0634923,0.0218719
0,0.543989,0.203479,0.171018,0.133314,0.0775326,0.043156,0.0635839,0.0769831,0.0518482
0,0.626228,0.215734,0.238663,0.0778101,0.0486585,0.0487434,0.0381946,0.037033,0.0395123
0,0.860424,0.248467,0.301309,0.0663731,0.0550438,0.0650533,0.0500744,0.0679123,0.0209747
0,0.0999114,0.111187,0.0769364,0.035976,0.0336849,0.0283517,0.0204086,0.0186032,0.00543806
0,0.516504,0.120194,0.178978,0.120726,0.0973178,0.10346,0.0489991,0.0279481,0.0321871
0,0.529205,0.0842848,0.112242,0.0646208,0.15905,0.132847,0.0826752,0.0439826,0.0267837
0,0.349606,0.337748,0.136671,0.107071,0.0746941,0.0805044,0.039371,0.036055,0.0517752
0,0.409476,0.254878,0.153361,0.13069,0.0733169,0.108141,0.0408937,0.0316851,0.0667606
0,0.530849,0.340311,0.234415,0.269442,0.0910886,0.104559,0.0723708,0.134221,0.0915657
0,0.837691,0.2376,0.0977569,0.0826325,0.0246326,0.124582,0.115597,0.0392354,0.0220511
0,0.33706,0.136547,0.114398,0.073094,0.111522,0.0913765,0.0625741,0.0415824,0.0343575
0,0.125997,0.0767442,0.0447121,0.0275931,0.0317236,0.0428014,0.0303724,0.0213644,0.0118286
0,0.340745,0.120011,0.153736,0.0524211,0.0683763,0.0307833,0.034536,0.0334811,0.0174493
0,1.00256,0.20214,0.199226,0.0672207,0.135324,0.25664,0.0981773,0.0733544,0.079663
0,0.490689,0.150304,0.194352,0.154616,0.0601459,0.0729086,0.043361,0.0343588,0.0336124
0,0.260641,0.061846,0.0937239,0.0875461,0.0440411,0.0422261,0.0234011,0.0224454,0.0137705
0,0.238502,0.139685,0.10886,0.0756583,0.0424944,0.0408279,0.0431141,0.0302563,0.0340332
0,0.535211,0.300996,0.185797,0.0907979,0.0411007,0.037276,0.0374434,0.047964,0.0397154
0,0.0589295,0.114109,0.0366269,0.0664546,0.0147465,0.0184669,0.0118268,0.0141503,0.00826372
0,0.161072,0.0368811,0.118964,0.0400438,0.0576071,0.0158808,0.0231714,0.0167098,0.0234144
0,0.182132,0.302973,0.14702,0.12846,0.0614887,0.0501171,0.0330827,0.0310698,0.0216541
0,0.396202,0.309618,0.220597,0.0585162,0.0555417,0.0357245,0.0672345,0.0457781,0.028346
0,0.27457,0.152957,0.1668,0.0557946,0.0447279,0.0105151,0.0295041,0.0305356,0.016873
0,0.497535,0.2936,0.205516,0.13559,0.0619963,0.050986,0.0674273,0.0240709,0.00827377
0,0.472703,0.198905,0.208614,0.180247,0.0580702,0.0681247,0.0537612,0.0118225,0.020767
0,0.268468,0.239463,0.108622,0.103246,0.0529889,0.0360828,0.0330052,0.0153526,0.0189422
0,0.0746746,0.091412,0.0687202,0.0436739,0.0470487,0.0201372,0.0244292,0.00907308,0.0101809
0,0.595375,0.183438,0.193394,0.113165,0.0711716,0.119008,0.0730903,0.0423906,0.00966006
0,0.114711,0.0631523,0.0566806,0.0425264,0.023093,0.0324111,0.0184941,0.00430331,0.0182987
0,0.502149,0.21376,0.121985,0.045815,0.0677759,0.0752791,0.0310132,0.0413694,0.0602654
0,0.161355,0.142053,0.0744029,0.0608015,0.0457749,0.0410568,0.0164677,0.0314722,0.0215538
0,0.519803,0.222917,0.223218,0.107999,0.0430135,0.100714,0.0382057,0.0301114,0.0258705
0,0.365181,0.211187,0.18062,0.102108,0.153105,0.0856832,0.0646733,0.0469679,0.046535
0,0.632554,0.271691,0.130861,0.0670848,0.0465305,0.0635378,0.0678651,0.0460765,0.0269187
0,0.376587,0.277448,0.0542692,0.0737802,0.0519287,0.0536442,0.0209167,0.0320323,0.0406604
0,0.453329,0.161387,0.168726,0.103714,0.0486463,0.0383127,0.0258374,0.0220773,0.0250208
0,0.0915553,0.297867,0.0973933,0.153162,0.0755453,0.0160525,0.0389495,0.0204578,0.0271421
0,0.179872,0.134662,0.168024,0.0801205,0.0723363,0.0403245,0.0124767,0.0281254,0.0320199
0,0.422666,0.11749,0.140201,0.111173,0.0688758,0.0544036,0.0380757,0.0167056,0.026748
0,0.398131,0.337075,0.224639,0.0437103,0.0625779,0.0765369,0.0425423,0.0237231,0.0202454
0,0.488668,0.157774,0.152029,0.13083,0.0444547,0.0700052,0.0405729,0.0248475,0.0225971
0,0.621712,0.260966,0.271558,0.145223,0.126944,0.046951,0.155905,0.11586,0.0613239
0,0.158958,0.276284,0.160654,0.0904002,0.110457,0.0964775,0.063195,0.0354336,0.0522682
0,0.523639,0.209678,0.158951,0.131685,0.0636909,0.0441571,0.0289044,0.0310898,0.0285852
0,0.658506,0.181074,0.210411,0.109929,0.100335,0.0634148,0.0621072,0.0216077,0.0438096
0,0.652277,0.175239,0.269488,0.0965741,0.119601,0.079869,0.10681,0.0619668,0.0545075
0,0.556353,0.282501,0.320791,0.124511,0.0486271,0.112088,0.0929532,0.0559397,0.0601394
0,0.182554,0.154974,0.126291,0.0767552,0.0387132,0.0401256,0.0151233,0.0244305,0.0179468
0,0.479929,0.130027,0.163942,0.0796715,0.0457402,0.0627086,0.102159,0.0491732,0.0148679
0,0.58746,0.158433,0.136088,0.184974,0.0432338,0.0308628,0.0148135,0.0389945,0.015722
0,0.684891,0.145888,0.197798,0.0710099,0.0691293,0.113298,0.0382494,0.0307545,0.0315761
0,0.563711,0.392683,0.249474,0.123556,0.204339,0.0389809,0.0787738,0.0643776,0.0743713
0,0.58513,0.203319,0.0478433,0.0813725,0.117937,0.097639,0.0993353,0.0677381,0.0527001
0,0.228311,0.435475,0.274742,0.155536,0.115098,0.0635874,0.0377312,0.0745684,0.0426677
0,0.342468,0.145665,0.198724,0.114536,0.114604,0.0803401,0.0382898,0.0715617,0.0413107
0,0.432993,0.18495,0.0995928,0.0512959,0.0865105,0.0324473,0.0244792,0.0490107,0.0205061
0,0.823288,0.284602,0.182448,0.0531816,0.0527541,0.0449267,0.0319877,0.0355596,0.0363887
0,0.236884,0.198612,0.124181,0.122389,0.128958,0.0898712,0.0609934,0.0721689,0.0441816
0,0.474723,0.293837,0.239069,0.0715478,0.182009,0.108962,0.0768707,0.0722874,0.0526721
0,0.350476,0.141366,0.116218,0.212865,0.179728,0.0614354,0.0638119,0.125251,0.0706652
0,0.555951,0.162811,0.0824983,0.0766927,0.0421177,0.0383735,0.038869,0.0193118,0.0260354
0,0.5454,0.156557,0.230217,0.127793,0.0649996,0.0840383,0.0469275,0.00651476,0.020468
0,0.258494,0.145435,0.0997425,0.0539761,0.0920069,0.0884154,0.0742881,0.0714689,0.0498355
0,0.485303,0.152505,0.161906,0.149489,0.125489,0.0628322,0.0367628,0.0259042,0.0336271
0,0.596222,0.280003,0.273929,0.102821,0.165866,0.0963518,0.149807,0.130134,0.0445869
0,0.533492,0.124279,0.155398,0.0934848,0.0969798,0.0582016,0.0537292,0.0250802,0.0459617
0,0.336688,0.118505,0.1711,0.102216,0.103825,0.0560071,0.0832028,0.0424224,0.0584944
0,0.56175,0.0476719,0.302101,0.115969,0.0358514,0.0756633,0.110575,0.0654767,0.0470159
0,0.472408,0.230612,0.144378,0.106973,0.0795271,0.0380651,0.0716277,0.0823607,0.0372889
0,0.407792,0.27689,0.091597,0.190004,0.129777,0.0733151,0.101498,0.0558045,0.0248636
0,0.271051,0.104072,0.0899394,0.054924,0.0464844,0.0285485,0.033128,0.0330607,0.0254285
0,0.466867,0.142606,0.124744,0.115051,0.133764,0.0823047,0.0643294,0.0501858,0.0554864
0,0.642221,0.237792,0.181098,0.151423,0.0942691,0.0648284,0.051423,0.0312421,0.0546899
0,0.392239,0.198848,0.0674404,0.0919269,0.0734813,0.0100552,0.0548951,0.0573661,0.0471527
0,0.494488,0.169196,0.218849,0.149195,0.0242014,0.0933806,0.0612872,0.0328683,0.0241922
0,0.0690016,0.0607178,0.0381415,0.0285222,0.0078503,0.00575229,0.0179259,0.0163708,0.00548884
0,0.541021,0.160337,0.14851,0.116062,0.0621569,0.0765182,0.0457813,0.035797,0.0444248
0,0.498074,0.253661,0.143195,0.0536557,0.0828194,0.0678956,0.0184318,0.043943,0.0235135
0,0.773486,0.320616,0.182308,0.121061,0.0962965,0.0614302,0.0428363,0.0320045,0.0225637
0,0.553531,0.214209,0.228666,0.11194,0.0655015,0.107832,0.0740171,0.0438413,0.0395515
0,0.604146,0.0679449,0.177496,0.161041,0.107087,0.0501447,0.0565673,0.0602876,0.0194794
0,0.295043,0.0893101,0.10247,0.0935232,0.0441667,0.031229,0.0384417,0.0278015,0.0209708
0,0.464847,0.306541,0.118529,0.0361422,0.0747782,0.0378023,0.0528429,0.0395572,0.0185803
0,0.346266,0.180355,0.104124,0.0720282,0.0719151,0.0348101,0.0193973,0.0250678,0.0214386
0,0.530053,0.239509,0.180029,0.0665468,0.0846292,0.0350127,0.0311799,0.0163417,0.00909337
0,0.644424,0.20152,0.132063,0.193638,0.107426,0.0297026,0.05335,0.0502175,0.0282198
0,0.546728,0.134009,0.123302,0.0957097,0.0977064,0.0662161,0.053018,0.036239,0.0233908
0,0.298261,0.153334,0.0938885,0.0417917,0.0365397,0.0297788,0.0351826,0.016546,0.0113706
0,0.839355,0.477373,0.318433,0.191016,0.0861987,0.0641323,0.130853,0.126094,0.0331578
0,0.458945,0.243793,0.212938,0.066952,0.0443654,0.0962993,0.0609484,0.0412856,0.0169874
0,0.53964,0.252293,0.134407,0.0905898,0.075582,0.0598312,0.0352522,0.0293538,0.0119041
0,0.811825,0.3685,0.13451,0.120525,0.106099,0.0994157,0.0274772,0.0410851,0.0379953
0,0.486005,0.0695773,0.0889744,0.128433,0.0513436,0.0714434,0.0438344,0.0260716,0.0220589
0,0.758343,0.311235,0.154384,0.100443,0.145237,0.0851331,0.0402783,0.0529305,0.0427618
0,0.844478,0.277677,0.244246,0.105031,0.106168,0.0950219,0.0392276,0.0348688,0.0350997
0,0.530449,0.274683,0.120175,0.0860988,0.0955221,0.0605765,0.0376482,0.042857,0.0174272
0,0.567629,0.223819,0.209057,0.158426,0.0428635,0.0936121,0.0456044,0.0383813,0.0403273
0,0.322168,0.177918,0.0979244,0.0865532,0.0905026,0.0489995,0.0599381,0.0415056,0.0232791
0,0.168071,0.0969492,0.0770145,0.0309543,0.0396369,0.033084,0.0324067,0.0240501,0.0100422
0,0.943146,0.283355,0.249564,0.0513287,0.161988,0.132643,0.0620905,0.032602,0.0313988
0,0.671931,0.100141,0.249758,0.154707,0.0942838,0.0937889,0.0862711,0.0367461,0.0696859
0,0.346688,0.155653,0.109636,0.0752275,0.0652893,0.0635466,0.0232689,0.0473619,0.0336756
0,0.331976,0.176514,0.145269,0.143437,0.104537,0.102188,0.0595781,0.0162805,0.0088163
0,0.429489,0.128489,0.148255,0.0647383,0.0916379,0.0489197,0.0321119,0.0338896,0.0211782
0,0.703045,0.420683,0.288514,0.226894,0.142742,0.066511,0.105042,0.0988111,0.0676468
0,0.65917,0.257745,0.0838839,0.105695,0.0982803,0.0798585,0.0707029,0.0622386,0.0420391
0,0.416396,0.103486,0.133804,0.13951,0.157822,0.0816179,0.0401204,0.0467554,0.0372058
0,0.508933,0.100694,0.0955522,0.0896519,0.0836706,0.0645916,0.0374316,0.0272537,0.0247162
0,0.527978,0.145075,0.111618,0.168367,0.118571,0.0544846,0.0511412,0.0458732,0.0309928
0,0.238692,0.13624,0.142539,0.205483,0.0788375,0.0435429,0.0441004,0.0423986,0.0407641
0,0.676205,0.0914656,0.132936,0.0831515,0.0802442,0.124495,0.095983,0.036285,0.0451336
0,0.413238,0.218501,0.191028,0.0485016,0.0284825,0.0498425,0.0447842,0.0736261,0.0429814
0,0.426879,0.158534,0.205978,0.0928207,0.0849078,0.069112,0.0776371,0.0497157,0.0368441
0,0.372516,0.386208,0.132949,0.145678,0.141858,0.108373,0.0624964,0.0623952,0.0348907
0,0.255641,0.189546,0.0733536,0.0361396,0.0394587,0.0471189,0.0569553,0.019597,0.0252999
0,0.124949,0.173101,0.146978,0.105117,0.0665926,0.0469162,0.0271975,0.0429009,0.0168026
0,0.633126,0.308649,0.289068,0.158526,0.11269,0.0940832,0.0864718,0.0540015,0.046322
0,0.80516,0.55957,0.30908,0.220532,0.200166,0.113038,0.102412,0.0451724,0.0442499
0,0.304149,0.22461,0.189957,0.123976,0.0711902,0.0872398,0.0467876,0.0458936,0.0165222
0,0.604136,0.170101,0.188552,0.148444,0.0887295,0.0979267,0.0733407,0.0225279,0.0211436
0,0.265832,0.11238,0.0772059,0.148402,0.0628418,0.0730842,0.0272727,0.0111369,0.0149628
0,0.555593,0.0766731,0.118313,0.1124,0.044567,0.0654659,0.0251758,0.0365932,0.0494491
0,0.447695,0.310298,0.144228,0.0670429,0.115897,0.110342,0.0755259,0.0342716,0.0407355
0,0.398489,0.125209,0.154558,0.0922916,0.0573803,0.0749554,0.0225417,0.0343441,0.0178426
0,0.500473,0.307234,0.20848,0.144574,0.0506397,0.0608197,0.0977348,0.0607379,0.0299246
0,0.603341,0.438267,0.192133,0.167805,0.137351,0.0832362,0.0659194,0.0413182,0.0628957
0,0.550614,0.0702322,0.234545,0.157042,0.0795551,0.101599,0.0939264,0.0394701,0.047001
0,0.439411,0.401271,0.235873,0.0653684,0.111262,0.0721185,0.0747861,0.0522117,0.0443701
0,0.467331,0.442586,0.121695,0.0784269,0.079641,0.0160266,0.0316113,0.0526534,0.0456488
0,0.601077,0.40508,0.211828,0.126472,0.0604956,0.0672148,0.0475484,0.0582241,0.0312286
0,0.565008,0.307837,0.248479,0.19084,0.0613564,0.142075,0.0605125,0.0584199,0.0197486
0,0.433662,0.310107,0.343384,0.244428,0.160923,0.109274,0.108165,0.0111568,0.0949302
0,0.687831,0.318535,0.135846,0.254958,0.166399,0.101882,0.0816618,0.08628,0.0496455
0,0.366214,0.0556031,0.155315,0.139863,0.0752362,0.0622074,0.0551136,0.0337727,0.0266575
0,0.473598,0.105607,0.0849404,0.0908284,0.0999708,0.0686795,0.0379691,0.0260146,0.0143841
0,0.509901,0.164042,0.204281,0.187936,0.124238,0.0243975,0.079978,0.065109,0.0453103
0,0.586013,0.214332,0.108648,0.157838,0.180355,0.157385,0.101036,0.0261332,0.0292584
0,0.702408,0.271498,0.187491,0.06451,0.0852897,0.0371687,0.0554224,0.0312629,0.0313487
0,0.560247,0.126649,0.178649,0.0961715,0.0306384,0.105499,0.113606,0.0789357,0.0660809
0,0.711989,0.213462,0.207264,0.176191,0.129102,0.0438998,0.110063,0.0869411,0.0810625
0,0.414167,0.242344,0.29682,0.135816,0.104434,0.0704233,0.0441306,0.0367681,0.0636128
0,0.689371,0.111206,0.28586,0.202687,0.124954,0.0391466,0.0679512,0.0859591,0.0484077
0,0.252401,0.15173,0.0906865,0.101316,0.0383686,0.0776087,0.0320384,0.0332254,0.0486797
0,0.495681,0.380611,0.204151,0.178922,0.101842,0.0624327,0.0475674,0.0394439,0.037117
0,0.27679,0.105747,0.181652,0.0503364,0.00934212,0.0140094,0.0277416,0.0165881,0.0195026
0,0.452249,0.100137,0.146301,0.0889888,0.072346,0.0490805,0.0367563,0.0461311,0.0189884
0,0.603523,0.352165,0.247294,0.181411,0.117569,0.0625253,0.0575872,0.0993819,0.0320395
0,0.639633,0.17121,0.226287,0.0750459,0.132303,0.0726998,0.067038,0.0406967,0.0470585
0,0.412666,0.280152,0.202962,0.09895,0.0565173,0.0401938,0.0394633,0.0319674,0.0113289
0,0.265617,0.182687,0.0890109,0.0853944,0.0426485,0.0468697,0.0384168,0.0241531,0.029521
0,0.694361,0.247779,0.129938,0.090376,0.122958,0.091308,0.0614396,0.0262272,0.0531709
0,0.5148,0.292454,0.174204,0.20323,0.0629765,0.103893,0.0447377,0.0259433,0.104577
0,0.575536,0.206345,0.127884,0.0468903,0.0807595,0.067596,0.0590548,0.0435775,0.0356163
0,0.522034,0.154209,0.159075,0.0993304,0.112791,0.12202,0.0532391,0.0575468,0.0108989
0,0.635919,0.328473,0.279841,0.164919,0.12938,0.053139,0.0721934,0.0836702,0.0575826
0,0.51193,0.270927,0.169551,0.0716138,0.0945586,0.061678,0.0611585,0.0361036,0.0289206
0,0.425304,0.109953,0.0864848,0.0748727,0.089595,0.0827269,0.0460463,0.0342529,0.0387209
0,0.510334,0.0666593,0.210986,0.103887,0.104394,0.106192,0.0346654,0.0264744,0.0335015
0,0.859864,0.212198,0.327521,0.17811,0.192152,0.112696,0.093295,0.0671711,0.0867949
0,0.559386,0.258786,0.16157,0.254019,0.13734,0.102262,0.0478064,0.0741424,0.0452548
0,0.723196,0.38132,0.212235,0.16008,0.119569,0.0796279,0.0938042,0.0673548,0.044672
0,0.537694,0.125254,0.135638,0.0985355,0.123653,0.0724268,0.075693,0.0535436,0.0428177
1,0.319693,0.17499,0.109847,0.0812446,0.0792298,0.0546176,0.0526821,0.0541719,0.0656739
1,0.4468,0.158902,0.182242,0.210324,0.0769085,0.0239568,0.0345398,0.0519593,0.0345343
1,0.29208,0.132777,0.0921918,0.0384322,0.0575135,0.0630191,0.02872,0.0302648,0.0239806
1,0.321122,0.168625,0.134801,0.0975714,0.0657182,0.0499611,0.00826549,0.0325984,0.0232928
1,0.284209,0.170859,0.106021,0.0802518,0.0236394,0.0546812,0.0342726,0.0445417,0.0310959
1,0.284586,0.316185,0.162625,0.144369,0.0396139,0.0526269,0.0436091,0.0590573,0.0340066
1,0.215736,0.153624,0.130726,0.0573802,0.0494555,0.0488995,0.0436805,0.0345682,0.0217266
1,0.197883,0.198955,0.120724,0.053048,0.0735821,0.0362218,0.0104932,0.0177889,0.0145509
1,0.766901,0.166437,0.20024,0.14171,0.138043,0.114651,0.0665615,0.05394,0.053496
1,0.0308917,0.213224,0.0767841,0.0694779,0.045714,0.0204371,0.0280047,0.0347272,0.0288203
1,0.391338,0.203361,0.0932697,0.0750344,0.119829,0.0592373,0.0456039,0.0189806,0.0240476
1,0.194363,0.0704235,0.0555158,0.0312209,0.0225572,0.0245255,0.0278757,0.0190409,0.0107167
1,0.143613,0.119768,0.0354799,0.0336533,0.0235193,0.0376991,0.0396744,0.00900945,0.0199205
1,0.215269,0.329954,0.143535,0.146736,0.0362932,0.0462899,0.0432859,0.0252445,0.0503226
1,0.17069,0.125814,0.0827591,0.0444913,0.0344816,0.0292584,0.0192252,0.0220156,0.00878206
1,0.380511,0.14164,0.150513,0.0723441,0.0661487,0.0873709,0.0680663,0.0362507,0.0532371
1,0.101125,0.0690988,0.0673853,0.0629532,0.0359613,0.0289086,0.0141997,0.0103576,0.0168312
1,0.430433,0.11056,0.0788419,0.0838806,0.10269,0.0873883,0.0483476,0.0344335,0.022881
1,0.15881,0.143034,0.137323,0.052897,0.0142392,0.038354,0.017305,0.0190993,0.0159014
1,0.412655,0.194811,0.151071,0.0752926,0.0483173,0.0679641,0.0368237,0.0332291,0.0154316
1,0.204624,0.0308206,0.0542642,0.0415026,0.0211367,0.0226934,0.0163252,0.0194205,0.0102721
1,0.170974,0.134282,0.145958,0.0518576,0.0472346,0.0232537,0.0331424,0.0110839,0.00917087
1,0.31388,0.331706,0.175778,0.121718,0.0663762,0.0612946,0.0507342,0.033178,0.0464766
1,0.353337,0.258552,0.215862,0.0459683,0.0297933,0.0418077,0.0553083,0.00998914,0.0278274
1,0.183605,0.217112,0.0930358,0.0667145,0.0668821,0.0101308,0.0322524,0.015359,0.0339916
1,0.676511,0.129503,0.172294,0.0629617,0.0569386,0.093443,0.0912295,0.0458157,0.027846
1,0.395726,0.0723672,0.114613,0.119164,0.0798189,0.0515642,0.054623,0.0454774,0.0312642
1,0.350409,0.220081,0.168976,0.0896108,0.0701237,0.0663239,0.0487162,0.0403155,0.0210996
1,0.0959032,0.235644,0.0642766,0.0726371,0.0269526,0.0276219,0.0357537,0.0182127,0.00761818
1,0.19184,0.19163,0.121683,0.0574685,0.018692,0.0357821,0.040139,0.0458604,0.0114432
1,0.461348,0.19845,0.0703091,0.123604,0.0964211,0.0463604,0.0423665,0.0265012,0.0382156
1,0.259569,0.0892014,0.0797137,0.0876381,0.0605641,0.0309353,0.0375046,0.0216603,0.0128939
1,0.711552,0.207965,0.306451,0.246838,0.186085,0.0374729,0.0710381,0.0374916,0.0407318
1,0.670938,0.323587,0.169706,0.164826,0.127281,0.114733,0.0599672,0.107296,0.0489223
1,0.271231,0.11595,0.150114,0.100483,0.0772505,0.0461413,0.0430448,0.0450676,0.0179742
1,0.757434,0.220255,0.289758,0.125619,0.162655,0.19351,0.0977682,0.0759704,0.0737282
1,0.696767,0.495436,0.2432,0.173957,0.0667176,0.111466,0.124318,0.0492931,0.0357366
1,1.08033,0.275693,0.154981,0.230061,0.194061,0.122325,0.193443,0.0868673,0.111018
1,0.580939,0.318969,0.333092,0.284023,0.144307,0.0541142,0.0726718,0.0944684,0.0388306
1,0.360693,0.436129,0.134988,0.0698886,0.0704637,0.076158,0.039658,0.0266456,0.0339753
1,0.971232,0.291747,0.302358,0.164117,0.114153,0.0701399,0.0988483,0.0383583,0.0510094
1,0.884777,0.373809,0.269445,0.118744,0.158679,0.144792,0.114662,0.094045,0.0776196
1,0.671774,0.800014,0.296812,0.144104,0.293815,0.0768622,0.140618,0.229953,0.21835
1,0.332119,0.289446,0.0643866,0.0454421,0.0927258,0.0494398,0.0546087,0.0370752,0.0276702
1,0.704707,0.23828,0.151169,0.0356983,0.22487,0.186147,0.0936204,0.0462624,0.075933
1,0.612045,0.481282,0.201332,0.13794,0.0903302,0.125807,0.0901206,0.0457868,0.0404597
1,0.476655,0.119397,0.182465,0.156343,0.116487,0.148157,0.0591294,0.0733652,0.0808659
1,0.316578,0.257802,0.172624,0.0791589,0.0495267,0.0356345,0.0487951,0.0310914,0.056906
1,0.745205,0.415925,0.0966504,0.0881233,0.0909449,0.101192,0.162565,0.0340858,0.105218
1,0.37724,0.251934,0.0931906,0.137597,0.126682,0.0515992,0.0513234,0.0847285,0.0504908
1,0.259579,0.294213,0.171349,0.176804,0.155486,0.0550798,0.109487,0.0544896,0.0727819
1,0.706728,0.288575,0.172733,0.200635,0.284756,0.0687388,0.090863,0.0747708,0.0267017
1,0.429914,0.371018,0.14833,0.148049,0.0788324,0.0467288,0.0410115,0.0881979,0.0148622
1,0.73679,0.196262,0.156369,0.0626145,0.103526,0.140058,0.117161,0.0703475,0.1028
1,0.510683,0.441003,0.148379,0.113417,0.0688494,0.0942823,0.0776538,0.0470874,0.0275485
1,0.490539,0.186924,0.112943,0.0788508,0.116349,0.103705,0.0863687,0.0619654,0.0573842
1,0.277643,0.109618,0.113867,0.09395,0.0999646,0.137359,0.0441122,0.124163,0.0900249
1,0.485196,0.206383,0.260568,0.218219,0.105941,0.117603,0.0687685,0.0912702,0.0452543
1,0.574898,0.409872,0.102726,0.176039,0.131258,0.0620172,0.0861739,0.085287,0.0347543
1,0.409983,0.377695,0.0908945,0.0445148,0.0607969,0.02824,0.0691354,0.060136,0.0349457
1,0.648533,0.324634,0.174964,0.0941746,0.15954,0.0978303,0.0560998,0.0734272,0.106024
1,0.342631,0.182683,0.12175,0.240609,0.170427,0.145909,0.061532,0.0428459,0.0261181
1,0.450091,0.288854,0.211864,0.0974627,0.095178,0.0556042,0.0903713,0.0845575,0.0330187
1,0.479154,0.278673,0.215741,0.289827,0.161181,0.0834648,0.0736603,0.0395833,0.0425035
1,0.140083,0.209238,0.0814027,0.105896,0.0769197,0.0430837,0.0283861,0.0414383,0.0374268
1,0.38499,0.319504,0.220546,0.204968,0.133184,0.0635072,0.0582125,0.0423772,0.0593818
1,0.207886,0.43131,0.163922,0.147869,0.105334,0.0513522,0.0728149,0.0335789,0.046495
1,0.914312,0.393085,0.132452,0.173911,0.193438,0.160249,0.0493821,0.134939,0.113737
1,0.462913,0.157604,0.20527,0.233466,0.161338,0.0139318,0.0732634,0.101296,0.0259742
1,0.248785,0.36442,0.255091,0.109564,0.116534,0.0688111,0.0362066,0.0219979,0.0331637
1,0.281539,0.384451,0.219854,0.10797,0.0911066,0.0801963,0.0724779,0.0604658,0.0274054
1,0.613632,0.306416,0.222081,0.196076,0.0711586,0.0467502,0.0453946,0.050896,0.0267765
1,0.790449,0.179645,0.110145,0.0599841,0.181735,0.150598,0.106095,0.0353719,0.0346908
1,0.417267,0.35375,0.291561,0.153898,0.103512,0.111222,0.0544019,0.0421875,0.0464575
1,0.717032,0.17491,0.441999,0.234336,0.193172,0.0924445,0.117029,0.0427087,0.0653898
1,0.758205,0.315109,0.321884,0.215261,0.175577,0.124365,0.112405,0.0795487,0.0601055
1,0.793517,0.356548,0.163651,0.0964015,0.206542,0.198424,0.0524834,0.107399,0.112694
1,0.374772,0.185977,0.0752346,0.170539,0.177332,0.123715,0.0659698,0.0316671,0.0346671
1,0.491713,0.360079,0.0385317,0.0577608,0.139696,0.13279,0.0663546,0.119082,0.0482839
1,0.478621,0.360607,0.203331,0.1286,0.10129,0.123021,0.0389294,0.0472662,0.0362842
1,0.272375,0.364337,0.111726,0.104179,0.056886,0.0341054,0.0599348,0.0239665,0.0142242
1,0.758563,0.31615,0.327173,0.383092,0.230308,0.0620687,0.112404,0.066513,0.058877
1,0.732314,0.147124,0.286483,0.26461,0.0945379,0.0606221,0.0589622,0.0682454,0.0772706
1,0.681772,0.172506,0.397307,0.140976,0.127884,0.147454,0.0993412,0.0634707,0.0558446
1,0.718991,0.090715,0.257298,0.0685157,0.301425,0.24926,0.139816,0.0871507,0.0318308
1,0.406181,0.464013,0.182157,0.0752686,0.0967052,0.079652,0.0760477,0.0402325,0.0240953
1,0.444582,0.264331,0.248862,0.156282,0.109301,0.0741289,0.0642455,0.0590942,0.0269028
1,0.257054,0.377597,0.309339,0.159564,0.0584761,0.12013,0.0782136,0.0437494,0.0256899
1,0.419692,0.338548,0.281101,0.170912,0.0827884,0.143421,0.0996864,0.0373424,0.0304612
1,0.707518,0.393091,0.207296,0.122747,0.238964,0.125191,0.0759486,0.106316,0.112313
1,0.301582,0.293105,0.155778,0.0555354,0.0596449,0.0344151,0.0459375,0.0330106,0.0236044
1,0.316565,0.229347,0.309698,0.148677,0.155013,0.0998463,0.10079,0.0556328,0.0273705
1,0.450481,0.399721,0.192054,0.145453,0.0850649,0.0397344,0.0203515,0.0545722,0.0391495
1,0.439386,0.363984,0.160268,0.155192,0.0736998,0.021978,0.0216975,0.0269736,0.050925
1,0.414251,0.29023,0.123727,0.0679677,0.062136,0.0218962,0.0227307,0.028193,0.0102114
1,0.479436,0.323259,0.0955577,0.144965,0.0922834,0.0516782,0.0632542,0.0470479,0.047864
1,0.277444,0.290468,0.198175,0.17294,0.106986,0.0555024,0.0554817,0.0251415,0.0393284
1,0.364046,0.118346,0.0604985,0.125891,0.0873794,0.048388,0.0923701,0.057629,0.0251377
1,0.419102,0.258269,0.184867,0.144261,0.123738,0.0662945,0.0299809,0.030207,0.027854
1,0.368127,0.208205,0.230092,0.133606,0.116106,0.0481629,0.0806918,0.0800276,0.0424079
1,0.343999,0.191771,0.122926,0.0607856,0.0608562,0.0463403,0.033143,0.0312372,0.0308291
1,0.443415,0.111711,0.0665527,0.0952802,0.153747,0.0776294,0.0382076,0.0266989,0.0332384
1,0.468134,0.127433,0.16547,0.104795,0.0872478,0.0697128,0.0360207,0.034121,0.0258361
1,0.388851,0.251797,0.189936,0.104598,0.173851,0.0701547,0.109867,0.0519684,0.0866102
1,0.251274,0.230767,0.32469,0.200795,0.170793,0.0781478,0.0372523,0.0548913,0.0228684
1,0.510909,0.481061,0.113694,0.201007,0.12986,0.102767,0.0618382,0.06481,0.0747137
1,0.44968,0.163459,0.339239,0.136993,0.171806,0.0819558,0.0992477,0.0248176,0.0531418
1,0.621317,0.252762,0.101554,0.0860753,0.0773668,0.0246487,0.0255445,0.0275994,0.0213536
1,0.58731,0.362776,0.14502,0.111984,0.122226,0.0449149,0.044316,0.014196,0.0414592
1,0.686043,0.27549,0.235077,0.108324,0.078658,0.0673059,0.0942005,0.0387281,0.0732004
1,0.36875,0.31876,0.0596797,0.0501263,0.0666135,0.0365359,0.0238212,0.0242947,0.0302345
1,0.771075,0.351867,0.304535,0.160029,0.182414,0.111735,0.128366,0.0776894,0.0695648
1,0.501572,0.360786,0.112105,0.162747,0.0918294,0.0257282,0.051755,0.0333345,0.0527974
1,0.514366,0.320376,0.183496,0.0942011,0.147461,0.113797,0.0624171,0.0388225,0.0547096
1,0.425552,0.363345,0.10625,0.0666669,0.109179,0.0764957,0.0467078,0.0211015,0.0634962
1,0.410147,0.352902,0.151965,0.183151,0.108899,0.0773208,0.0915519,0.0236633,0.0663104
1,0.762516,0.273086,0.217119,0.0376729,0.0849818,0.103145,0.0395638,0.0165555,0.0168225
1,0.302624,0.155455,0.102258,0.0737224,0.0388705,0.047159,0.024836,0.0288798,0.0233797
1,0.38284,0.0910886,0.205035,0.153903,0.0740114,0.0439589,0.052016,0.0714901,0.0425887
1,0.443449,0.135219,0.287272,0.131286,0.0956889,0.0649224,0.0771534,0.0764479,0.0301575
1,0.12838,0.211425,0.0625133,0.132195,0.0482087,0.06422,0.0503825,0.0218344,0.0257506
1,0.245021,0.204563,0.122008,0.090981,0.0230122,0.0538354,0.0283972,0.0404771,0.0152718
1,0.127907,0.22168,0.0909422,0.0919695,0.0806625,0.0651248,0.0436543,0.0519006,0.0250734
1,0.40319,0.257141,0.163713,0.148445,0.130848,0.107675,0.0486955,0.0259773,0.0157473
1,0.262731,0.137739,0.114768,0.0462131,0.0272353,0.0371416,0.0387736,0.0239939,0.024093
1,0.663382,0.449294,0.0661614,0.118623,0.0829567,0.102689,0.035347,0.0254609,0.045873
1,0.522903,0.330877,0.147596,0.143523,0.103477,0.108048,0.0485051,0.0349327,0.055672
1,0.919234,0.58575,0.288501,0.168603,0.248597,0.0915476,0.0836895,0.11907,0.0762771
1,0.258992,0.125073,0.13889,0.13792,0.0539775,0.0564485,0.0564472,0.043234,0.023958
1,0.247059,0.133896,0.168734,0.0834234,0.0724432,0.0332223,0.0514233,0.0142863,0.0336731
1,0.321971,0.0884435,0.0946223,0.0161567,0.0411814,0.0340009,0.0247719,0.0202054,0.0213359
1,0.278946,0.196431,0.207499,0.137414,0.0803279,0.0354219,0.0375064,0.0426524,0.0203876
1,0.166702,0.268995,0.133116,0.0431291,0.0923368,0.072205,0.0995115,0.0517078,0.0321858
1,0.417641,0.267396,0.249319,0.127584,0.143034,0.0710524,0.0431945,0.0450875,0.0346639
1,0.362463,0.158505,0.287431,0.14912,0.176999,0.140149,0.0739086,0.0814378,0.0474008
1,0.265114,0.223707,0.15448,0.0868376,0.0782591,0.0789316,0.0334933,0.0321301,0.0165418
1,0.582896,0.277219,0.213902,0.0734604,0.0439418,0.0201292,0.0395935,0.0366748,0.0576826
1,0.161748,0.174045,0.121928,0.0516079,0.0732017,0.0460362,0.0468751,0.0411632,0.0226932
1,0.482929,0.0676261,0.103303,0.099783,0.062336,0.0305791,0.0723686,0.0274452,0.0196042
1,0.309815,0.251471,0.135259,0.160686,0.10808,0.0219443,0.0334549,0.0214332,0.0268664
1,0.344248,0.326155,0.128986,0.170135,0.0983081,0.0921523,0.0276914,0.0558094,0.0373166
1,0.226068,0.0671141,0.0890845,0.0939829,0.0702366,0.0205482,0.054496,0.0232822,0.0124797
1,0.329338,0.350454,0.223629,0.158787,0.126058,0.0450081,0.0469213,0.0255085,0.0152915
1,0.445432,0.52676,0.491313,0.121717,0.146509,0.0894698,0.0630788,0.0455992,0.0886303
1,0.287944,0.173161,0.221541,0.128109,0.0908103,0.0928336,0.0702844,0.0477756,0.0155943
1,0.188835,0.332212,0.121331,0.0634052,0.0376241,0.0893389,0.0356892,0.0130008,0.0255417
1,0.746855,0.582164,0.186901,0.0645798,0.0752265,0.0380054,0.0782381,0.0532178,0.141734
1,0.263035,0.193703,0.163649,0.135595,0.0516373,0.0417269,0.0185148,0.0383359,0.0267041
1,0.208011,0.136916,0.157901,0.0843869,0.0715308,0.0798026,0.0257291,0.0298996,0.0115986
1,0.222464,0.216655,0.0753823,0.100684,0.0519784,0.0725222,0.0474867,0.0121957,0.0339695
1,0.17925,0.0799766,0.0510625,0.0705942,0.0677027,0.0478141,0.0273465,0.0349946,0.0330867
1,0.230875,0.216382,0.100512,0.0754495,0.0359914,0.0392501,0.011347,0.0190722,0.0156103
1,0.353386,0.315925,0.421827,0.139203,0.113557,0.0748383,0.0782107,0.0860664,0.087014
1,0.425814,0.323799,0.258127,0.0803362,0.132047,0.0501931,0.0353216,0.0240857,0.0538414
1,0.325484,0.253617,0.161894,0.122649,0.114621,0.0430629,0.027469,0.0495808,0.0420055
1,0.235993,0.278594,0.15855,0.0915751,0.0495355,0.0592846,0.0296819,0.0419857,0.0113763
1,0.367586,0.165943,0.166669,0.11423,0.116686,0.0538794,0.0542211,0.0205153,0.0216337
1,0.277615,0.239752,0.214261,0.100712,0.0687847,0.0371494,0.0432714,0.0256038,0.0327384
1,0.257387,0.211834,0.204037,0.114419,0.0926377,0.0513528,0.0962045,0.0407461,0.0291771
1,0.408126,0.296775,0.198041,0.0851736,0.0965403,0.0420467,0.0310221,0.0510347,0.0174676
1,0.254663,0.191382,0.127049,0.117527,0.0687226,0.0432816,0.0178147,0.019238,0.0320706
1,0.259536,0.161005,0.183519,0.0906087,0.0720764,0.0445877,0.0683468,0.0323377,0.0287152
1,0.458555,0.224081,0.136697,0.0848833,0.115424,0.0547108,0.0497921,0.0331155,0.0453558
1,0.722243,0.252268,0.205111,0.220084,0.0533626,0.147576,0.0969556,0.0555846,0.0389706
1,0.550837,0.295743,0.144941,0.161515,0.135527,0.0434133,0.048353,0.0533518,0.0226937
1,0.183451,0.280711,0.126017,0.0771431,0.0166386,0.0297798,0.0379146,0.0208769,0.0294406
1,0.227097,0.257318,0.226869,0.140971,0.0589105,0.067051,0.0201697,0.0211038,0.0279018
1,0.189253,0.278866,0.0925399,0.0542936,0.0230869,0.040843,0.0239359,0.00752761,0.0357026
1,0.439309,0.273458,0.16144,0.0955291,0.120179,0.104643,0.0825379,0.0622632,0.0249726
1,0.481881,0.112284,0.214487,0.206768,0.139612,0.0514231,0.0270746,0.0498398,0.0503722
1,0.232544,0.202939,0.114967,0.117656,0.0510384,0.0272134,0.0440735,0.0129741,0.0247302
1,1.87219,0.144788,0.105774,0.20863,0.129226,0.0435113,0.0410089,0.0374279,0.057935
1,0.0663347,0.214306,0.0934663,0.0889243,0.0444789,0.0346283,0.0257569,0.044672,0.0134478
1,0.494825,0.227952,0.0965452,0.092567,0.133113,0.0955855,0.0255553,0.0422018,0.0487829
1,0.485849,0.200503,0.193209,0.219776,0.102551,0.0861159,0.0579139,0.0326541,0.0489255
1,0.329164,0.343134,0.354995,0.108773,0.181239,0.0327325,0.0740566,0.0622567,0.0310619
1,0.408284,0.375178,0.127549,0.135453,0.156886,0.110524,0.063058,0.0709273,0.0464029
1,0.322045,0.206705,0.108887,0.0842399,0.10808,0.0568262,0.031973,0.023971,0.0155707
1,0.498595,0.228837,0.262717,0.0939917,0.0423304,0.0748858,0.0756242,0.0252603,0.0439213
1,0.399787,0.279527,0.100113,0.0403374,0.0705756,0.0619445,0.0285342,0.0248971,0.0274024
1,0.292445,0.20339,0.242153,0.125119,0.0834288,0.0300687,0.031105,0.0487426,0.0334565
1,0.639447,0.317479,0.238,0.149114,0.236083,0.0682668,0.0534144,0.0207094,0.0343735
1,0.504754,0.28079,0.140194,0.166155,0.0686888,0.0304435,0.022839,0.046682,0.0495245
1,0.482699,0.241908,0.135358,0.0529065,0.117233,0.137565,0.0196391,0.0605324,0.0441429